2.924102598
2.917168834
2.830303902
2.837659167
2.777863892
2.752368266
2.683654783
2.64155714
2.504524103
2.425651991
2.339362664
2.29253717
2.062022516
1.795778456
1.376226001
1.118000895
1.204339757
1.065941238
1.481381443
1.33604317
1.174483295
1.001015999
0.966827809
1.054019301
1.105229782
1.68011393
1.552877081
1.423546893
1.512862299
1.547158768
1.387270004
1.263885739
1.42543679
1.264725651
1.589281081
1.598153947
1.24531953
1.348413682
1.267385724
0.946434454
0.581047654
0.587126787
0.723648337
0.644274408
0.508211498
0.410442222
0.441434095
0.62737917
0.956706106
1.808438351
2.144971946
2.441246965
1.889183721
2.100612459
2.033365429
1.919255217
2.011161081
1.946461773
2.000040469
1.950669059
1.764837297
1.748686108
1.920335455
1.922619016
2.022234791
1.956676654
1.758039105
1.560811393
1.5300289
1.341217669
1.241619861
1.275087166
1.544765138
1.479994677
1.164254166
1.159099527
1.082649145
1.212452658
1.043708519
0.951055725
0.989635042
1.03219339
0.899918432
0.74394019
0.717908142
0.82450675
0.946074583
0.946470842
0.957977366
0.864627961
0.881261931
1.061722671
0.939408908
1.087067248
1.139858049
0.72335187
0.717432811
0.59303208
0.366731842
0.093209031
0.624763035
1.062251551
1.090655811
1.355697884
1.369077588
0.812949717
0.919294321
0.997588787
0.947596232
0.781590484
0.686126224
0.848173091
0.714927447
0.445539477
0.655042151
0.216719581
-0.092782633
-0.268584338
-0.288013473
-0.228350734
-0.29317198
-0.440821024
-0.412528535
-0.32517359
-0.267176853
-0.262336608
-0.275444988
-0.285951364
-0.207071139
0.901249017
1.149346458
1.626444857
0.3856449
1.134374487
0.128558534
0.867952677
0.829805914
0.622069406
0.835611768
0.989293131
0.755964166
0.704046585
0.839979589
0.846325935
0.376325234
0.478158759
1.081394985
0.330051693
0.08333844
0.586414443
0.149152714
0.411247349
0.18416068
0.225767124
0.236288294
0.153792786
0.094085646
0.09651687
-0.157984236
-0.290511857
-0.448794063
-0.837455892
-1.064232042
-1.250196047
-1.31936629
-1.314697507
-1.244155521
-1.240629548
-1.166450334
-1.101782306
-1.066731015
-1.126592228
-1.166837453
-1.216944025
-1.312411512
-1.417886672
-1.556008583
-1.496723885
-1.510524206
-1.511763579
-1.524668115
-1.503879507
-1.440176697
-1.433146446
-1.327554292
-1.307984815
-1.294390288
-1.226708666
-1.24354646
-1.169882189
-1.168967731
-1.116964973
-1.024661446
-0.976409422
-0.903156009
-0.913168172
-0.895633894
-0.81881564
-0.869014523
-0.262950302
0.361094459
0.384843465
0.368129249
0.20115828
-0.066982211
-0.109637824
-0.130394207
-0.248466348
0.23024535
0.33576016
0.406957971
0.084359826
-0.236938553
-0.444460654
-0.448893807
-0.482367798
-0.510767532
-0.474929083
-0.500781142
-0.524233648
-0.427989204
-0.954156327
-2.062366985
-2.002427843
-1.861000421
-1.844067767
-1.711191878
-1.60159489
-1.608049866
-1.483928407
-1.380117271
-1.392871604
-1.432920157
-1.587102803
-1.656539489
-1.797998006
-1.728015253
-1.634327648
-1.708086923
-2.193456215
-2.631370199
-2.566751948
-2.528924721
-2.887833967
-2.818683862
-2.549141217
-2.561542769
-2.730163135
-3.01035596
-3.265423503
-3.672239745
-4.159141293
-4.067971217
-4.024359016
-4.075695365
-4.259771834
-4.478790695
-4.625246983
-4.636987222
-4.654962292
-4.649359928
-4.562146425
-4.468401763
-4.410821002
-4.292951635
-4.227366759
-4.203090937
-4.152903366
-4.115892133
-4.116542872
-4.074740661
-4.03886698
-4.117720319
-4.040503973
-4.080796335
-4.121051951
-3.98967935
-4.043439436
-4.089251414
-3.860711546
-3.787604831
-3.778826438
-3.786609688
-3.880246228
-3.881957972
-5.026972015
-4.657762956
-4.434035553
-3.768781992
-3.628292217
-3.529489461
-3.580947519
-3.525789885
-3.72047056
-3.974083054
-3.875101183
-3.654349765
-4.072450887
-4.257656559
-4.606092011
-5.743953743
-4.979794111
-4.616547462
-4.803383592
-4.927356336
-4.989440989
-5.019733205
-5.019041528
-5.107089093
-5.226607124
-5.163794516
-5.113365106
-5.132681749
-5.259063192
-5.197755546
-5.152158191
-5.051542605
-5.054972836
-5.124716895
-5.059640681
-5.168511079
-5.025742181
-5.018893449
-5.117779733
-5.20587639
-5.145976438
-5.224942749
-5.321521308
-5.38685682
-5.543606839
-5.538623099
-5.532238286
-5.499444566
-5.520443186
-5.588474499
-5.67890188
-5.759526818
-5.741549453
-5.656134105
-5.578753223
-5.529546518
-5.517904499
-5.52360271
-5.577920164
-5.563021988
-5.525148709
-5.487016738
-5.435531188
-5.516166458
-5.563749352
-4.67123168
-4.489742633
-4.526056002
-4.508241862
-4.551932309
-4.634516096
-4.639763287
-4.618320473
-4.592697396
-4.636944588
-4.662768367
-4.609313156
-4.570842578
-4.604306459
-4.573806024
-4.541976538
-4.476966523
-4.315054577
-4.27358322
-4.259834914
-4.143816926
-3.764149615
-3.85784268
-3.823547904
-3.815957838
-3.734615252
-3.76800076
-3.769603164
-3.802553678
-3.802193919
-3.820040629
-3.789901616
-3.794943017
-3.772533535
-3.811590829
-3.87245466
-3.811125735
-3.708577024
-3.588763133
-3.591641824
-3.510443604
-3.33105442
-3.148794366
-3.033773534
-2.92059174
-2.789950668
-2.778949952
-2.673575023
-2.584442522
-2.635550946
-2.412819109
-2.20845297
-1.668346716
-1.562662214
-1.485003014
-1.485989418
-1.428289798
-1.438774359
-1.394756416
-1.316381683
-1.269199562
-1.230232762
-1.217629409
-1.285624725
-1.278750027
-1.205818149
-1.145546471
-1.0666329
-1.039379129
-0.962915787
-0.978088676
-0.950836934
-0.983374853
-0.938951138
-0.817694684
-0.874630159
-0.740189542
-0.700345736
-0.650423943
-0.674257523
-0.630384329
-0.536158177
-0.569706722
-0.51135059
-0.467122067
-0.369502016
-0.01550211
-0.067039234
-0.096110056
0.030881326
0.100686478
0.355933977
0.430529914
0.478550117
0.258574602
0.025659717
-0.306338576
-1.12836088
-1.250730799
-1.211677966
-1.079675778
-0.438810981
-0.204342416
-0.150599516
-0.065640939
0.122085191
0.10155732
-0.024727778
-0.094357439
0.146642122
0.189349043
0.284540696
0.159791104
0.238629717
0.287446102
0.300100455
0.311307054
0.296892241
0.214757131
0.28529345
0.257743595
0.170517907
0.088498389
0.155452105
0.232743666
0.331397719
0.377888394
0.422302674
0.547427911
0.797644532
1.104836959
1.211533447
1.48167693
1.354835244
1.405649093
1.307656868
1.338695615
1.231536209
1.399613037
1.55743894
1.379100307
1.485951062
0.818260706
0.680220198
0.921520837
0.800667121
0.653997349
0.837402991
1.380653792
1.910522701
1.730710503
1.372714125
1.508878443
1.646599791
1.975417535
1.580669607
1.374772421
1.032819582
1.431648265
1.456342452
1.410224038
1.186097439
1.211335991
1.303794515
1.473827361
1.504670012
1.391513306
1.485117436
1.24296116
1.518735312
1.451363336
1.608128066
1.425996893
1.369355624
1.304618382
1.353660168
1.211542889
1.355159178
1.339002491
2.031118569
2.023680976
1.971573924
1.848495411
1.763059936
1.570029803
1.703055781
1.432831876
1.350781731
1.308276554
1.47439488
1.336508847
1.305444995
1.298041221
1.403131605
1.348299601
1.440627067
1.315611489
1.712257186
1.470850429
1.483172917
1.450246104
1.292154852
1.260976606
1.575849629
1.397979085
1.444535218
1.195241221
1.246996025
1.052241983
1.252464265
1.31598436
