0.025933669
0.003833286
0.003507215
2.92E-05
0.001286364
0.002394206
0.00134569
0.000672137
3.79E-06
0.001685586
0.000983229
0.001797061
0.01491755
0.000157659
0.004385705
0.001040763
0.006671301
0.002075024
0.001898127
0.000854149
0.037102228
0.004781995
0.002153551
0.010579642
0.001238951
0.002698735
0
0.000539984
7.11E-05
0.001871371
0.000583814
0.004041501
0.000342621
0.010547725
0.000829721
9.99E-05
0.002505682
0.002156079
0.0019833
0.002661832
9.99E-07
0.000517084
4.71E-05
3.87E-06
0.006143258
0.000815686
0.000558933
2.28E-05
0.000840277
0.001479655
0.000481231
9.39E-05
0.01441259
0.000556591
0.001880717
0.005079114
3.60E-05
0.001754851
0.003231229
1.42E-05
5.61E-05
0.002774018
3.46E-05
0.000770175
0.001064567
0.002527211
0.004093905
0
0.013699219
0.025864612
0.000562474
1.59E-05
0.023938176
0.000766372
0.000403342
0.002516369
0.002637442
0.00040239
0.000138086
0.00183234
0.006817124
0.004319251
0.001316613
0.000294902
0.003667253
0.001883262
1.74E-05
0.002876736
0.000834461
0.000429078
0.001774387
0.002717439
0.001041847
0.009359718
0.002594571
0.000206046
0.011100838
0.001550404
0.004243129
0.000472627
0.011443034
0.004724377
0.001449756
0.020311814
0.003610184
0.005623576
0.000596397
1.45E-06
3.61E-05
0.00556049
0.00013331
0.002885084
7.27E-06
4.58E-05
0.000226757
0.00031585
1.84E-06
0.008524746
0.046221706
3.40E-06
0.005298626
0.001367447
0.000400027
0.000489673
0.000351783
0.000185114
0.000145413
3.00E-06
0.000891199
0.003231229
0.003231229
3.18E-06
0.038845601
0.001283411
0.000227504
0.000448627
0.000192017
0.000398187
0.003538519
0.000868011
0.001799047
0.019388375
0.002008296
1.73E-05
1.71E-05
0.000339454
0.000486957
0.000976721
0.001567405
0.000687422
0.004181566
0.000203673
0.010292396
0.001200165
0.00551098
0.000778049
9.52E-05
0.000377062
0.001538264
0.000730549
0.003773657
0.000207036
0.000201204
0.00042247
0.000161254
0.006445735
0.001159548
0
0.009241229
1.68E-05
0.002825918
0.0001694
0.000173897
5.40E-05
3.45E-05
0.003119048
0.000798089
0.00035345
0.002437819
0.006908088
0.004369184
0.001138761
0.000674726
0.000243389
0.002334685
0.002979871
0.001587696
0.004760016
0.000524799
0.000696261
0.004915351
0.003774832
0.002370829
0.000153682
0.008134207
0.01032707
0.015337666
0.024560555
0.010566426
0.018405227
0.009874889
0.010958868
0.000714122
0.000215817
0.0056724
0.021231932
0.001189296
0.006453736
0.011668013
0.000410912
0.003795522
0.003203971
0.000728087
0.000104125
0.007490905
0.006505697
0.001500852
0.006051749
0.001572342
0.000370637
0.003469764
0.000184277
0.003727325
0.003899035
0.001438778
0.019262801
0.001084637
0.012562254
0.00538702
0.007607734
6.43E-06
0.005736284
0.002091783
0.005106384
0.010016699
0.008485226
0.005923002
0.000483072
0.007343585
0.002094748
6.77E-05
0.019763285
0.007275677
0.008011171
0.008871231
0.000594943
0.007168319
1.37E-05
0.000852591
0.012137036
0.013173419
0.055543784
0.015606486
0.003892549
0.000646436
0.008442109
5.78E-05
0.000891199
0.001571713
0.000440152
0.000294228
0.003531143
0.000492304
0.005599776
0.000585484
0.020556943
0.019854347
0.000674726
0.000995299
0.003698919
0.008048835
0.004011433
0.015031329
1.88E-05
0.008275864
0.002782622
0.001811321
0.005198885
0.006522397
0.002820654
0.00238048
1.87E-05
0.003325326
0.008236354
0.002120044
0
0.000110805
0.000110805
0.000250635
0.020360939
0.000587753
0.001833552
0.054332758
0.003750782
0.000966625
0.002209568
0.002209568
0.020253907
0.001203088
0.001203088
0.000540882
0.000130615
0.002164112
0.000580692
0.000609725
0.000345082
0
0.005078603
0.003846684
0.005610206
0.005923002
0.000517084
0.013700741
0.002812171
0.000729691
0.006763105
0.007364372
0.083794376
0.005128446
0.010717846
0.009319571
0.001989758
0.0024371
0.013274926
0.001143672
0.000174774
0.000690007
0.001064409
0.000666257
0.001754294
0.00010865
0.001079332
0.004621057
0.000167482
0.000452195
0.002230226
0.001378427
0.001999918
0.005633893
0.000693068
1.68E-05
0.009306247
0.000244332
0.001819187
0.002022725
1.65E-05
0.011417757
6.35E-05
0.001666435
0.005059099
0.000403819
5.74E-05
0.009017734
0.004057704
0.000238953
5.58E-06
0.000794547
0.00077028
7.60E-05
0.000730087
0.003023644
0.000222473
0.001307927
0.00366998
0.003854367
0.002947366
0.001643513
0.009609362
0.001845439
0.002850265
0.001058178
0.00114051
0.003353898
0.000507879
0.00021703
0.000702295
0.000779263
0.006020196
0
0.001207738
0.000162076
0.000304431
0.005225893
0.000857438
0.003460105
0.000441604
0.000582851
0.001067234
0.000857438
0.003314783
0.080978854
0.002178833
0.004736068
4.24E-05
0.000585385
2.30E-05
6.41E-07
0.000630648
1.08E-05
0.000432256
0.00065195
0.001862742
0.00363454
0.002498591
0.000287001
0.001577254
0.001907511
0.000737176
0.000330597
0.001617746
0.002528245
0.00095256
0.003306767
0.003653157
9.65E-05
0.00025347
0.006636489
0.003129619
0.00080444
0.001594952
0.013431208
0.004008445
0.001868316
0.000196072
0.020072006
0.000732528
7.51E-06
0.000528518
0
7.17E-06
0.002587764
0.012150769
0.000571474
0.001429019
4.46E-05
0.000134095
0.011239857
0.001647165
0.000505029
0.000124843
0.000896289
0.002441367
0.006104876
0.000763967
0.009148554
0.005444399
0.004801351
0.002679661
0.003118077
0.008216706
0.007259781
0.049793044
0.000284683
0.000750704
0.004878125
0.008762738
0.006994111
1.86E-05
0.00123501
0.001671306
7.31E-05
0.002756065
0.004084569
0.000453371
9.76E-05
0.001120638
0.069556185
0.002253767
0.000123459
0.000700259
0.004402818
0.000528518
0.000981097
0.087723241
0.003800587
9.09E-05
0.001497935
0.000228965
0.005798617
0.016546658
0.000205988
0.000812336
0.001073367
2.64E-05
0.002440666
0.000746978
0.008016238
0.000101009
0.000303583
2.13E-05
0.000193444
0.002884139
0.000221671
0.000293991
0.01476375
0.00212439
0.0007789
5.43E-05
0.000165277
0.006771005
0.000840277
5.36E-05
0.001641721
0.00074942
0.00188593
8.21E-07
0.00758533
0.000311435
0.0143058
0.00418291
0.001782302
0.046327557
0.000107559
0.013559578
0.0009139
0.005018007
0.007428819
0.000518044
0.000426367
0.001085984
0.008364465
0.007357991
0.000444806
3.16E-06
0.011631304
0.003652591
0.000932492
0.00088712
0.00188678
0.001186682
0.000917024
1.48E-05
0.000523691
0.000208296
0.002426911
0.002270045
8.22E-05
0.000143631
0.007663803
0.004682607
0.000988195
0.000496931
0.001975959
0.002086274
0.000474342
0.000587041
0.001265446
0.006961709
0.000996696
0.004558782
0.000556674
0.00012043
0.002040432
0.000550083
0.002725754
3.71E-05
0.001591631
1.23E-05
0.001181135
0.001434158
0.001726673
9.13E-05
8.75E-06
0.001075172
0.000645654
7.85E-05
0.003187783
0.001915724
0.001819323
7.40E-05
0.003159144
0.001483729
0.000351827
0.000232773
0.00031063
0.031488376
3.19E-06
2.85E-05
0.001947391
0.000963102
0.000145339
0.000107387
0.000278308
1.89E-05
3.85E-07
0.005244895
0.000547383
0.00207757
0.000492137
0.006810654
0.003403465
0.000278493
0.000538932
0.000142388
0.001091012
2.84E-07
0.001343469
1.06E-06
0.000452963
6.24E-05
0.000839373
5.85E-05
0.000222654
3.10E-07
1.24E-06
9.91E-05
0.000497908
0.005095003
8.63E-05
1.23E-05
0.000411468
0.001269084
0.008158667
0.000395952
0.000670371
0.001751181
1.30E-06
1.30E-06
0.0175055
0.001069663
3.98E-07
0.000590135
0.033017202
0.00029309
0.004554933
0.004250544
0.000320801
0.001868723
0.001754851
0.001496194
6.00E-05
0.001057421
0.00047175
6.42E-05
0.001480588
0.000284314
0.000186077
0.00400044
0.000986977
0.014700707
0.001198674
0.010568878
0.00091463
0.000479771
0.000411008
0.000522494
0.005280047
0.004278764
0.000104888
0.000476071
0.000653803
0.000193984
0.001394382
2.06E-06
0.002478292
0.00035989
0.001558577
0.000930123
0.001464591
0.000506329
0.001314057
0.000254313
0.000775378
1.18E-05
0.001472689
0.000176839
0.00052995
0.000244317
0.001591631
0.005147962
0.005694219
0.001359028
1.36E-06
0.000452195
7.04E-05
3.60E-05
0.001412649
0.000469399
0.000886108
0.006673311
0.000141814
5.63E-05
0.000159628
0.007469878
6.72E-05
0.004303003
0.003851911
1.25E-05
0.000237257
0.000144293
2.94E-05
0.000319279
2.24E-05
0.003994619
0.000754006
0.001544817
0.000185891
0.000819412
0.001539875
0.000252232
0.000131982
3.86E-05
0.000357661
3.08E-05
0.000818112
0.001404844
1.16E-06
0.000734046
0.00021224
0.000505025
0.002797284
1.02E-05
0.001061657
0.000130886
0.000407725
0.000701623
0.001785278
0.000860451
0.001478229
0.002122433
8.86E-05
0.002674533
0.00531432
0.000466522
0.000620063
0.000116198
0.001273105
0.00082057
0.000947694
0.001025905
0.000239177
0.000220607
0.001242138
1.76E-06
0.001764181
6.84E-05
0.00015069
5.86E-05
2.91E-05
0.000218114
4.95E-06
0.000261091
0.000350672
0.000121092
0.000197035
0.000266327
0.005617817
0.005413649
0.000418928
0.000356395
0.001250694
0.002246972
7.63E-05
0.00161942
0.00062008
0.000410076
3.70E-05
0.001103132
0.000977591
0.000436184
0.000454993
0.000342953
0.00022699
1.82E-05
0.000833252
0.000212543
0.000226138
5.44E-05
0.000443244
0.00014031
1.89E-06
0.00019847
2.48E-05
2.95E-05
1.31E-05
0.000892016
3.49E-06
0.000864353
0.000278982
0.002700471
0
0.004121094
8.82E-05
6.39E-05
0.000379163
0
2.10E-05
0.00012165
8.55E-07
0.000319624
8.33E-05
0.000435638
4.51E-05
0.000143303
0.000150421
1.54E-05
1.92E-05
0.00063213
0.001969342
0.00013937
0.005158361
7.44E-05
8.10E-05
0.001136576
0.000300508
0.003943537
0.000636174
0.000990351
1.30E-07
0.000461171
0.001868976
0.000361147
0.001047184
0.000103694
0.000264606
0.00051191
0.000126534
0.003206533
0.000578407
9.68E-06
0.0007596
1.02E-05
0.000918043
0.000610716
0.000107131
0.000168601
3.46E-05
0.000150435
0.020333732
2.32E-05
5.76E-05
4.83E-05
1.09E-06
0.000702894
0.000318571
0.000914794
3.42E-05
6.69E-05
0.000275892
0.000557937
0.001495723
0.000114042
8.46E-07
0.000163569
0.002128076
6.44E-06
7.29E-05
0.001491106
7.26E-05
0.003977388
8.24E-08
0.000384162
9.06E-05
0.000188975
2.32E-05
2.05E-05
1.34E-05
0.003973815
9.70E-05
0.00013255
0.000284953
0.00024801
0.000952915
0.002390017
0
7.78E-08
9.63E-05
0.000170104
0.000233889
2.57E-05
7.99E-08
0.001361044
0.000132339
3.03E-07
0.00063925
0.000255328
3.41E-06
0.000862258
0.001347327
6.09E-08
0.003267084
0.000249974
0.001774757
0.000467531
0.000388443
0.001351363
0.001413165
9.91E-05
0.000171759
0.019599684
0.000869007
4.89E-05
0.000131618
0.000273351
0.000316643
0.000567221
0.001554888
9.10E-05
0.000626348
4.84E-05
3.23E-06
1.28E-05
3.18E-05
0.000545558
8.09E-05
5.00E-06
2.48E-05
0.004940521
0.000161384
1.89E-05
0.001881669
0.000111489
0.000191426
3.04E-06
1.19E-06
1.71E-06
6.79E-05
0.000465289
0.000594437
0.000553923
0.000269503
0.000262603
0.000163112
9.81E-05
0.000507908
0.000116311
1.39E-05
0.000253231
3.00E-06
0.00135373
4.22E-05
5.36E-06
0.003682856
0.000275296
7.80E-05
0.000913389
0.00069796
0.000846789
0.000200132
0.000382403
0.002958585
0.000554308
0.000194253
0.000204052
0.00144751
1.19E-05
1.70E-05
0.000742092
0.00052727
0.00052727
1.35E-05
2.81E-06
1.63E-05
0.008819587
2.87E-05
1.22E-05
3.22E-05
0.001172931
4.98E-07
0.000233675
0.000644953
0.001727565
4.46E-06
4.46E-06
0.000981448
0.000154828
0.001922766
2.30E-05
0.001276743
0.000151329
0.001921053
0.00165349
0.001416275
0.000441619
0.000191108
3.07E-05
0.003031984
0.000482513
8.64E-05
0.000356887
0.000156773
0.00017589
0.002107819
3.15E-05
2.16E-05
8.75E-05
0.001201174
8.07E-06
0.001024172
1.39E-05
0.000130874
0.000331855
0.001565003
0.000590133
0.000100023
0.000171983
0.002561532
0.000252154
7.89E-06
0
0.000144998
1.59E-05
0.000189818
0.000678837
2.04E-05
0.000463926
0.001056722
0.000703114
0.000677053
0.001321133
0.000258514
4.61E-05
6.76E-05
0.000251112
5.28E-05
0.000298855
1.50E-06
1.97E-06
0.000523466
0.004931394
0.002934834
0.000561271
0.001864596
0.005109677
9.93E-05
0.000202175
4.50E-05
0.000112953
3.49E-05
0.001117798
2.88E-06
0.00021185
0.000342136
0.000213219
2.42E-05
0.000134068
0.000724983
0.001462896
0.000211527
0.000268946
0.000218174
8.66E-07
0.000510515
0.000741915
0.00077665
4.60E-05
0.000181496
0.000335911
0.000758207
4.25E-05
0.000768021
0.001060796
0.00063699
0.000248945
2.40E-05
2.40E-05
0.002174479
0.0002339
0.000225797
0.003346057
4.80E-05
0.000630105
0.000577477
0.00014264
0.001100739
0.000883754
0.000349696
0.000123989
0.000163481
0.002295079
8.50E-06
0.000852407
2.02E-05
1.82E-05
0.001038291
0.001209161
0.001712984
0.000130845
0.004412045
0.002919577
0.000421344
0.000248011
0.000470538
0.000280422
0.003330005
0.000338838
0.00010841
4.94E-05
0.000656931
0.000850582
0.000236926
0.001176866
5.57E-05
0.000185542
0.000167037
0.000519365
4.58E-06
5.14E-05
0.000295054
2.14E-05
0.000123461
0.002180391
0.000587287
0.004032641
0.000335292
0.001228409
5.69E-06
0.000362831
0.000954459
0.000248782
1.21E-05
0.0011074
3.59E-05
0.000193569
0.000299679
8.35E-05
0.000254279
1.17E-05
1.17E-05
0.000243113
0.001315724
1.70E-05
0.000230202
0.000914053
3.57E-05
0.000162945
0.001183965
3.26E-07
0.000676285
2.20E-05
0.000891199
0.000582118
0.000224838
0.000124336
4.07E-06
0.000285944
0.001075173
0.000538095
0.000435088
0.002363906
0.000547833
0.018588963
0.000928708
7.18E-05
0.000875084
0.000254009
7.70E-05
0.00025787
0.000330508
0.00017198
0.001724687
1.14E-05
2.31E-05
0.002417447
0.000214978
5.49E-05
1.95E-05
0.002415325
5.40E-05
0.000848531
0.000350472
0.000507355
2.31E-06
0.000103861
0.000992791
7.47E-06
5.24E-05
0.001653674
1.98E-05
6.86E-06
0.000589726
0.000127548
3.55E-05
0.00017079
2.49E-06
0.000170256
0.00134356
0.004143069
0.000117482
7.21E-05
8.32E-05
5.17E-05
2.14E-07
0.002036174
0.000116989
0.00046252
0.000623982
0.000158785
0.001234471
2.40E-07
9.20E-05
0.000175693
1.49E-06
9.44E-05
2.59E-05
0.000803412
1.40E-05
3.03E-06
3.58E-05
0.00049537
0.000200685
0.000342427
0.000586993
2.72E-07
0.000828659
0.017341543
0.00033767
1.71E-05
0.000138166
4.10E-05
8.71E-05
0.00078536
0.001021599
7.87E-05
0.000739205
9.08E-05
0.000423314
4.59E-06
0.000334196
0.000370232
0.001690905
0.000111761
0.00041037
1.81E-05
0.000137137
0.002128054
0.000170433
4.64E-05
0.000130411
7.63E-05
1.48E-05
0.000354392
5.67E-05
2.25E-05
3.97E-06
0.000227388
0.001103036
0.000182811
0.000784729
0.000381282
0.000391153
0.000231007
0.000189137
0.000549594
9.99E-07
0.000720953
0.000126184
1.09E-05
0.000226253
0.006697653
0.003003253
1.80E-05
1.12E-05
0.000232156
2.68E-05
0.003018529
7.78E-05
0.000302327
0.000928358
0.000130119
2.30E-05
0.000247302
4.99E-05
0.002003272
4.53E-07
0.000196147
0.001374597
0.000825852
0.000366044
0.000189693
9.45E-05
0.000537912
4.53E-06
0.000547996
0.000298253
0.00020235
0.025045639
7.05E-07
7.06E-07
0.000287208
0.000129028
9.42E-06
0
4.85E-05
9.29E-06
0.000178774
7.07E-07
0.000114581
0.000283933
0.000283795
0.000255416
7.41E-05
2.93E-05
3.54E-05
9.63E-06
1.78E-05
3.13E-05
0.000169652
0.000184497
0.000145774
0.000194283
2.11E-05
1.87E-05
0.000149156
8.30E-05
8.69E-06
3.11E-05
0.00020875
0.00024225
8.18E-07
8.25E-05
0.000236908
1.43E-06
0.000690353
2.13E-06
5.80E-05
0.000823318
6.35E-05
0.000172246
5.27E-06
7.45E-05
0
7.51E-07
9.17E-05
9.35E-05
0.000804538
3.67E-07
4.47E-05
0.00020267
0.000205432
0.000427194
0.000216724
0.000613044
0.000944545
0.000620404
2.43E-05
0.000511217
1.10E-05
0.000498733
0
0.000267503
1.20E-05
0.000141767
0.000145205
7.86E-07
2.18E-06
0.000349803
3.01E-05
0.000293391
5.38E-05
6.41E-06
2.56E-05
1.55E-05
6.71E-05
3.20E-05
1.99E-06
7.93E-08
0.000756138
6.09E-06
0.000518872
2.55E-05
0.000139505
0.000219609
0.000111661
5.08E-05
5.25E-06
2.37E-05
3.24E-05
9.22E-05
5.80E-05
0.000114581
7.61E-05
2.05E-05
3.53E-05
0.00013548
0.000223802
0.000536609
0.000115279
6.13E-05
2.98E-05
0.001220398
3.45E-07
8.65E-06
0.000515675
0.000584328
0.000401141
3.02E-05
0.000340541
1.16E-06
1.16E-06
0.000676517
0
3.34E-05
0
0
3.08E-05
0.021165226
0.00206636
0.000136195
2.39E-05
0.001194503
7.46E-05
0.000201557
1.75E-05
7.36E-05
3.48E-05
0.000665829
0.000100069
0.000510465
0.000354426
0.000297347
1.15E-05
7.88E-05
5.23E-08
1.31E-06
6.45E-05
0.00059925
2.01E-06
2.01E-06
9.73E-05
4.95E-05
2.43E-05
0.000413965
6.27E-05
0.002458318
6.34E-06
0.000315593
5.42E-08
0.001256881
0.000166197
0.000363837
8.26E-05
4.43E-06
1.37E-06
0.000432625
0.00022256
0.000396866
6.82E-06
0.000723222
1.73E-05
2.36E-05
0.001037934
0.00012819
0.000241856
0.000564205
9.68E-05
0.000117672
4.37E-05
8.36E-07
6.82E-05
0.000391235
2.70E-06
0.000733429
0.000767364
6.81E-05
0.000714971
0.000350014
0.000427217
0.000445348
0.000266569
0.022416184
0.000306631
7.95E-06
0.000533358
0.000161635
8.78E-05
0.000387395
0.000129354
5.29E-05
0.000180611
0.000174175
0.000348391
0.000138869
1.24E-05
0.00194969
0.0003588
0.000979274
0.000685596
4.34E-08
0.000315476
0.000157898
1.40E-05
3.62E-05
1.70E-05
3.44E-06
0.000122802
1.50E-06
2.21E-05
7.69E-05
7.69E-05
9.76E-05
6.45E-05
4.55E-05
7.61E-05
3.31E-06
2.00E-06
2.99E-05
0.000296427
2.27E-05
0.000292221
2.59E-05
0
0.000182247
0.000107121
2.12E-06
0.000311828
8.24E-05
4.84E-05
7.11E-05
2.12E-05
0.000276911
0.000951394
0.000252744
0.00016301
8.12E-07
8.19E-05
5.25E-05
8.58E-06
0.000143886
1.88E-05
4.37E-05
9.19E-05
0.000598726
0.000144325
3.33E-05
9.73E-06
0.000357947
0.000817942
0.011859725
9.93E-05
0.000129855
0.000295004
2.23E-05
0.000191949
0.000298682
0.000105029
0.000679258
7.87E-06
1.04E-06
0.000539763
0.000124713
0.000458179
0.000139318
7.93E-05
0.0002283
7.37E-05
4.21E-05
7.94E-05
8.93E-05
3.60E-06
1.06E-05
0.000358075
7.64E-06
6.87E-07
0.000388078
2.94E-07
1.06E-05
0.000459722
4.42E-05
7.38E-05
4.95E-06
7.97E-05
3.48E-05
3.87E-05
0.000153884
0.000306182
9.20E-05
1.46E-05
0.000115209
0.000298669
0.000236632
0.000951893
0.001411543
0.000169675
0.000229135
3.76E-06
0.000181466
0.001410886
0.00079715
0.000278019
0.000225643
7.34E-05
4.47E-05
4.53E-05
4.53E-05
1.95E-06
0.000223217
0.000315612
3.71E-05
0.000151086
0.000222191
0.000268989
0.000100779
1.86E-05
0.000388515
0.000346512
0.000583147
2.33E-06
3.73E-07
0.001276965
0.00097004
0.001598017
0.000670029
0.000973598
0.001721031
0.000154408
0.000150638
0.0016364
7.51E-07
0.000174329
7.88E-05
0.00138535
5.72E-06
0.000114866
4.27E-05
4.67E-05
2.85E-05
1.50E-05
3.91E-05
0.001391315
1.38E-05
3.25E-07
0.000135096
0.001052634
5.88E-05
2.44E-05
3.60E-05
6.27E-05
3.62E-05
0.002342638
1.72E-05
3.28E-06
0.001570127
7.04E-05
0.000358267
7.92E-05
1.32E-05
0.000859031
0.000693413
0.000590846
0.000507459
2.87E-05
0.000848703
7.64E-05
0.000863894
0.001101463
0.0004498
0.060605348
0.000129036
0.000515614
0.000107309
0.000459045
7.70E-05
0.000516967
0.000494234
0.000355888
0.000249881
3.26E-05
0.000112919
0.000255427
0.000305934
0.002086671
4.17E-05
0.001598179
1.06E-06
0.001196376
7.22E-05
6.63E-05
3.67E-05
4.59E-06
0.000955561
0.000435993
0.001460537
2.71E-05
0.000883242
0.000215798
0.00205962
0.00125019
0.000670699
8.35E-05
0.000885501
2.49E-06
3.99E-07
0.000735339
0.000185571
0.000246768
0.000287467
0.003717943
0.00041244
0.000920471
0.000487892
2.75E-05
0.000233243
7.67E-05
0.001575613
0.000703939
0.00108185
0.00028729
0.000490725
0.000573672
0.000530445
7.83E-05
0.000370958
4.73E-05
0.00047723
1.60E-05
2.44E-05
5.03E-05
8.49E-07
8.97E-05
0.000508681
0.012930167
0.000266356
2.46E-06
5.55E-06
2.48E-06
0.000196339
8.60E-06
7.13E-08
0.000392974
0.000211688
0.000320201
0.000258897
0.000115681
0.000339419
0.001391651
0.000671841
3.16E-05
4.61E-05
6.70E-06
5.54E-06
9.65E-05
0.000166029
0.001404556
2.93E-06
5.06E-05
5.13E-05
0.000544006
6.24E-05
9.45E-06
4.22E-06
0.000410275
7.88E-05
3.56E-05
3.56E-05
1.08E-06
0.000179992
0.000627755
0.000358089
1.65E-05
0.000220704
9.02E-06
7.63E-05
0.000120883
0.00014973
3.95E-06
0.000354502
0.000378219
2.66E-05
0.000188195
0.000526012
5.53E-05
0.000282778
4.50E-05
0.000447948
0.000143279
0.000415433
0.000578213
1.17E-06
3.58E-06
0.000200876
0.000507497
2.35E-05
3.87E-05
0.000243889
0.000104126
0.000275415
0.000727686
0.001185863
3.81E-05
0.000866324
0.000337912
9.45E-06
9.54E-05
1.12E-05
0.000138555
0.000436574
3.98E-06
4.51E-05
0.000831668
3.65E-05
4.00E-05
2.89E-05
6.00E-06
0.002646874
6.32E-05
5.53E-05
0.000918893
0.000293315
0.001637476
3.27E-05
4.63E-05
0.00037004
5.97E-07
0.000667701
4.69E-05
6.26E-05
3.43E-06
0.000247364
1.14E-05
0.000969253
6.11E-05
0.00016897
5.92E-07
8.44E-05
5.81E-07
0.000141048
2.53E-07
0.000246773
0.000356108
6.76E-05
1.30E-05
2.30E-07
2.29E-05
1.86E-05
0.000197577
1.09E-05
0.004059337
8.30E-06
3.16E-06
6.10E-05
4.79E-05
1.61E-05
2.00E-07
0.056939953
0.009984836
8.24E-06
0.00042009
0.000132485
0.000194854
0.000268103
0.000275051
0.001510114
0.000271262
0.000267721
0.000972779
0.00010922
5.16E-06
0.00033559
0.001819524
0.000280502
0.00032446
0.005779724
7.15E-05
3.03E-06
2.56E-05
0.000134622
0.00024436
1.09E-05
0.000107326
6.61E-05
0.000700995
0.002011243
0.000347388
1.20E-05
0.000272916
0.000821988
0.000242631
0.000135364
0.000216181
4.06E-05
6.25E-05
0.000813676
0.0001045
6.75E-05
0.000136757
8.46E-06
0.000300521
9.47E-05
0.000119828
4.89E-05
0.000302384
5.30E-06
0.000108601
1.22E-05
0.001933029
0.000632554
4.07E-05
0.000824192
0.000976059
0.000359231
1.84E-06
4.08E-05
1.67E-07
0.000563044
2.35E-06
0.001247877
0.047836246
0.000650366
1.27E-07
0.000258352
0.002663747
0.000249159
0.000934632
0.001383123
0.000797677
3.13E-06
0.000300471
0.002336159
8.10E-05
1.45E-06
0.000366663
0.000215352
3.19E-05
0.000910597
1.83E-05
0.001344602
0.000167696
0.000237303
0.000620678
5.78E-05
0.00098494
0.00132909
2.20E-05
0.000240624
0.00117776
0.000159179
0.000838102
0.000391961
0.000197672
0.001201956
0.000138126
2.10E-07
3.40E-05
9.70E-05
0.000438914
7.91E-06
5.30E-05
0.00033261
0.000196849
9.15E-05
2.86E-07
2.87E-07
6.08E-06
7.77E-06
0.000127791
1.17E-06
4.69E-06
0.000158805
0.000653925
3.07E-05
4.83E-05
0.003345731
0.001112423
0.000404855
0.000123377
0.000128334
6.02E-05
1.00E-06
0.000285671
0.009859593
0.016317166
3.45E-05
0.000403582
1.23E-06
0.000435131
0.000105268
0.000287938
0.000370058
0.000357317
0.001142089
6.96E-06
0.001645399
0.003335041
0.000588016
0.001330038
0.000290671
7.13E-05
9.19E-05
5.41E-05
0.000230009
6.19E-05
0.000429385
2.55E-06
0.002644258
0.002869647
0.000164279
0.000246246
1.49E-05
0.001427101
0.000169172
0.000118502
1.13E-06
0.000189688
0.000610387
3.39E-05
0.000148725
0.001338984
0.002099967
0.00043821
0.000798287
0.000177864
5.59E-05
7.53E-06
0.000400634
0.000223968
4.49E-06
0.000374405
0.001461378
0.000118027
0.004873565
1.14E-07
0.000113202
0.000944705
0.000128344
0.001480013
0.000476846
0.001040129
1.88E-06
8.22E-06
2.03E-05
0.000261737
0.003502774
0.002382361
8.13E-07
0.000538486
0.000623649
1.23E-05
0.002111983
0.001625113
8.38E-05
0.000648918
0.002624263
0.001205743
0.001286935
0.000516783
9.78E-05
0.001858783
0.00063217
0.001458247
0.000147251
0.000458461
0.002716772
0.000943163
0.000268126
0.000475236
0.000132343
0.001896419
0.002611143
0.001033885
0.002075569
2.88E-05
0.001241445
0.000453224
9.45E-05
0.003176628
9.17E-05
0.000720934
2.15E-06
0.000629249
0.005600688
0.000465259
0.00177561
0.001370211
0.000106564
0.000338318
0.001722228
0.000218988
0.000476792
0.005329774
7.56E-05
0.001018333
0.000646578
1.52E-07
2.69E-05
0.001472448
3.48E-05
0.001497048
7.35E-05
2.30E-06
0.000807687
5.48E-05
0.00618902
9.97E-07
5.27E-05
0.000303982
0.001740774
0.001599416
0.000185888
0.000228592
0.000701234
8.54E-05
0.000684931
0.000329174
7.67E-06
0.00115519
2.86E-05
2.74E-05
0.000832741
1.62E-07
2.34E-05
0.000652648
1.99E-05
0.005399588
0.000371072
0.000926517
0.000148498
0.000133349
0.000815722
4.52E-05
1.13E-05
0.000245935
0.000295043
2.24E-06
0.00029592
0.001315286
0.002208919
0.000224839
5.71E-06
0.00088984
0.000216975
0.001512612
0.000989515
0.000237935
2.96E-05
0.000435416
0.0014611
2.70E-05
0.000168331
0.000118047
0.002884597
0.000472126
0.00032309
1.56E-05
0.000903532
6.10E-05
4.60E-05
0.001195273
0.003702665
8.02E-08
0.000902246
0.001124218
0.000126609
0.004802643
1.41E-05
0.001793402
8.65E-05
5.59E-05
0.001377411
0.012037892
2.73E-05
0.000912348
0.00083679
0
0.000585665
6.02E-05
2.79E-07
0.001929763
0.000168411
0.00021627
0.002045355
0.008095959
9.18E-05
4.15E-05
0.000235288
0.000349314
0.001507199
0.000490269
0.000105685
0.000186731
0.000563453
0.000822182
0.000175392
1.35E-07
0.000418894
0.001010437
5.47E-05
6.23E-05
0.001191093
0.00021776
0.000603808
0.000700581
0.00087208
0.001257395
0.000235168
0.000152187
0.000317306
0.009171427
0.004493556
0.003267084
0.006067601
0.001868582
0.000645343
0.000891202
0.000373692
0.012049597
0.019179897
0.001997123
0.001051433
2.87E-05
0.000716798
0.01178331
0.001750009
0.007370221
1.98E-05
0.009535693
0.010942904
0.018703006
0.001005944
5.09E-05
0.002005827
0.00282102
2.29E-05
4.33E-05
0.000750705
0.000158356
0.015000903
0.000226618
1.00E-05
8.65E-05
0.000676879
0.002202952
0.013762264
0.009223965
0.001703979
0.000235872
0.002079064
0.01166481
0.006078936
0.005388481
0.002560381
0.001024044
0.004904757
0.00052257
0.00607689
0.013304437
5.36E-05
0.001688956
0.000845714
0.002877031
0.000310976
0.008671855
0.002080706
0.000386908
0.003997993
9.72E-06
0.000943145
0.0008767
0.003638477
0.002300284
0.005555016
0.000108078
0.000436866
0.000100698
0.001151131
0.00060394
4.93E-05
4.34E-05
0.002214031
0.000737565
0.000103881
0.003402134
3.06E-05
0.003510877
0.000417403
0.000286882
0.000857975
0.004470141
8.27E-05
0.0035109
0.003487898
8.48E-06
0.003969247
0.001801088
0.000142632
0.000188294
0.000397954
0.000589014
0.00151098
5.15E-05
0.026392903
0.001509164
0.00153087
0.001648297
0.001164911
0.002700444
5.77E-06
0.002736497
0.000265481
3.70E-05
0.000121103
0.000647989
0.000120255
4.14E-05
0.000922068
0.001172873
0.003736839
0.000854635
0.000472551
0.001485949
0.001951711
2.20E-05
0.002418273
3.81E-07
0.002373703
0.000385876
0.006851371
0.001778007
0.000226794
0.000188993
0.000592221
0.003994645
1.97E-06
0.00026478
4.00E-06
0.005970358
0.001394159
3.19E-05
0.000311904
0.001933433
0.000168004
0.000762357
6.67E-07
0.001437289
0.000561165
5.31E-06
0.001044289
0.00037174
0.001267486
0.000109398
0.000485303
0.001091943
0.001117764
0.000106147
3.81E-05
0.000224116
3.39E-05
0.000311398
0.002176718
0.000255765
7.57E-05
0.00103602
8.29E-05
0.000382757
0.000104164
0.000694405
1.21E-06
0.001129725
0.00028623
7.11E-05
7.55E-05
0.002418829
0.000151889
0.000412444
0.000987857
0.000623282
1.65E-06
0.000682112
1.78E-05
0.001275284
0.000275331
5.05E-05
1.91E-05
0.003951667
0.000501067
7.73E-05
3.49E-06
0.000555734
0.00019043
6.89E-05
3.18E-05
0.000109163
0.000359762
0.000115817
0.000155253
3.68E-05
0.000163472
0.000273218
0.002210292
0.00035145
0.000410544
0.001317367
0.00040933
0.000103738
5.71E-05
0.000621593
0.000803095
0.000240258
0.001032789
0.000511523
9.06E-05
3.64E-05
0.002331051
3.45E-05
0.000975553
0.000334248
9.14E-06
0.000747777
7.75E-05
6.12E-06
0.003095458
0.006704678
0.000694793
7.65E-05
5.72E-05
0.000421769
1.47E-05
0.000376366
0.00035849
0.000315268
4.55E-06
0.000100249
0.000107488
0.000109754
0.000801861
0.000254333
0.000147136
0.000937259
0.000168793
0.000113614
0.000170224
0.000115856
3.48E-05
1.35E-05
5.10E-06
1.36E-05
0.00034431
0.000366828
0.00064115
0.000168197
1.67E-05
2.72E-05
0.000645815
0.000269877
0.000375882
6.72E-05
6.52E-05
1.37E-05
0.006742386
8.24E-06
3.14E-06
9.59E-06
0.00119848
0.000216714
8.57E-06
0.000303203
0.000342168
2.84E-05
0.000314088
0.000633228
0.000173117
0.000174768
0.000622426
0.001095977
0.000174621
2.63E-05
0.000496952
0.000170445
0.000748361
0.00022469
5.20E-05
4.54E-05
1.00E-05
0.000274265
1.03E-07
0.056359733
0.002560463
0.000434094
1.25E-05
5.93E-05
0.000975833
6.37E-08
1.57E-05
0.000116361
0.000872254
0.002052608
1.38E-05
0.000734536
3.41E-06
2.27E-05
0.000343008
0.000108838
6.69E-06
9.28E-08
0.000312358
2.68E-05
0.000646861
2.04E-07
6.67E-05
0.000296988
0.000971108
0.000356356
0.000713731
5.81E-05
0.000663539
0.00061503
5.56E-07
0.000445186
0.00093176
8.33E-05
0.000435332
7.73E-05
0.000209186
0.000129064
0.000151167
0.001088714
5.19E-05
0.001449311
1.15E-05
3.66E-05
5.15E-07
0.000448079
0.000211367
2.13E-05
3.46E-05
0.000334224
0.000294453
0.000713791
0.000592197
0.000527944
0.000188391
0.000188391
2.72E-06
1.36E-05
0.000208641
4.43E-05
0.001751635
8.59E-05
4.79E-05
0.00072904
0.000695387
2.43E-05
0.002868451
4.01E-05
6.83E-05
0.000723106
0.000154477
2.29E-05
0.000104426
3.24E-05
0.000528783
1.29E-05
0.000322591
0.000108881
0.000228111
2.26E-05
1.73E-05
4.29E-05
0.000438173
0.000163267
2.86E-06
0.002556133
6.27E-05
8.20E-06
0.000430721
8.72E-06
8.59E-05
9.93E-05
0.000169877
0.000540597
0.000175911
2.75E-05
2.52E-05
1.17E-05
0.00011564
0.000335614
8.47E-07
8.68E-05
8.99E-05
0.002593874
5.98E-06
1.97E-07
0.000115505
3.54E-05
0.000876209
5.91E-06
0.000929243
2.60E-05
0.001950538
4.10E-05
6.57E-05
5.47E-05
0.00083933
0.000112725
0.000642598
3.34E-06
0.000152537
0.000235507
0.000609479
0.001935516
0.000573125
0.001239934
0.000360207
0.000286795
0.001103115
8.07E-06
0.003286191
7.12E-05
0.000292441
0.000864837
0.002426037
4.02E-05
0.000665765
0.000327264
0.0005115
8.72E-06
0.00042489
0.000181531
0.001596496
0.000616688
2.40E-05
0.000492348
0.000176967
0.000780189
9.67E-05
0.000318741
0.000605432
0.000369062
0.002269332
3.86E-05
0.000693006
6.17E-05
0.001933234
2.14E-06
4.20E-05
0.000576804
2.24E-07
6.39E-05
2.27E-07
0.000697629
3.84E-06
4.98E-05
0.000677315
0.000497879
0.000718361
0.006597469
3.56E-05
0.000238375
0.000273516
7.05E-05
0.000909641
0.000590444
7.94E-05
0.000361242
0.001159739
8.03E-06
0.000102166
0.000881149
0.000147941
1.78E-06
0.000505454
0.000494284
0.00010089
1.57E-05
0.000116302
0
5.33E-06
7.70E-05
0.00033573
0.000375694
0.001704525
3.83E-06
1.46E-05
1.57E-05
8.17E-05
0.001032077
2.82E-05
0.000221587
0.000121146
0.000479139
3.74E-05
0.000261573
2.22E-06
8.32E-05
0.000271783
0.000340721
0.000250024
0.000200372
0.0005181
7.00E-05
0.003546724
0.000412982
0.000682922
0.000129424
0.000193075
7.87E-05
0.000212221
0.000334728
2.19E-05
4.25E-06
0.000333352
1.64E-06
0.000395711
1.42E-05
5.29E-05
4.48E-05
0.002526955
7.22E-05
4.28E-06
1.99E-05
0.000149168
0.000464839
0.000118164
0.00120121
0.001196756
3.12E-05
2.13E-05
0.000266776
0.000497032
7.07E-05
5.37E-06
0.003240186
4.33E-05
0.000921324
0
0.001516097
0.000620211
5.91E-07
3.14E-05
0.000209127
1.61E-05
9.40E-05
0.000261411
0.000153979
0.00053725
7.43E-06
0.000117359
5.07E-05
0.000101021
0.000317263
0.000296693
0.00077921
0.001745831
5.00E-05
1.30E-05
0.001302824
1.56E-05
0.001104626
0.000167345
0.002746539
7.96E-08
0.000164879
0.000531325
4.27E-05
1.28E-08
2.33E-05
0.000179568
5.21E-05
7.39E-06
6.73E-05
1.93E-05
6.13E-05
3.17E-06
8.70E-05
0.00019517
6.69E-06
0.001001617
6.29E-05
2.93E-09
0.000139582
6.09E-06
3.34E-05
0.000156546
1.15E-05
0.000229894
0.000537027
1.83E-05
0.000167501
6.99E-05
3.97E-06
1.92E-05
3.40E-06
1.99E-06
6.16E-05
0.000296074
0.000173135
0.000536771
0.000708957
0.000638428
1.04E-05
7.20E-07
5.54E-05
0.002536769
0.005609483
7.75E-05
0.000208955
6.75E-05
1.07E-06
0.000161261
8.05E-06
0.001360857
0.000147919
2.40E-05
0.000262239
3.80E-05
5.37E-05
0.000164642
3.71E-05
4.53E-05
0.00109851
0.00043879
3.65E-05
8.26E-06
0.000507976
0.000504791
0.000228369
1.99E-05
4.23E-05
0.000231102
0.000169965
0.00016537
0.0003015
0.000133398
6.41E-05
9.89E-05
5.31E-06
0.000524758
2.77E-05
0.00027382
0.000137803
0.000275221
0.001180966
4.92E-07
9.18E-05
0.000939088
0.000735346
1.56E-05
0
0.000239612
0.000162917
0.000189017
0.000136784
1.17E-06
1.32E-05
0.000381544
9.96E-05
6.66E-06
0.000100097
8.69E-05
7.22E-06
0.000775578
0.00011938
6.41E-06
0.000287975
0.005725967
6.34E-05
1.43E-05
0.000734679
0.000188035
5.82E-05
0.000207516
6.16E-06
0.000258071
0.00024076
4.64E-06
6.78E-05
0.000295146
0.002589594
0.000141055
0.000135391
7.46E-05
5.70E-07
0.000151486
0.000229471
2.75E-05
0.00020025
2.00E-05
0.000171632
0.000486308
4.19E-05
0.000778951
0.000197798
9.93E-05
7.09E-06
7.45E-05
0.000280439
1.66E-06
0.000380601
0.000448357
0.000158946
0.000216154
5.21E-05
0.001162231
0.000181617
0.000172033
6.93E-05
0.001952936
2.97E-05
8.11E-05
2.30E-06
0.000583557
0.000306522
2.19E-05
0.000140068
5.01E-05
0.000707633
3.88E-05
0.00011426
0.000216719
0.000138443
3.99E-05
0.000924368
0.000134035
0.000119143
0.000237324
0.000198611
1.04E-05
0.001459259
3.82E-05
3.82E-05
2.92E-05
0.001974868
6.81E-05
0.001699663
3.64E-05
0.002062657
0.003264789
0.003016297
0.00046464
0.000386838
1.03E-05
0.000692221
7.91E-05
0.005026475
0.000394624
6.08E-05
0.007454595
8.64E-07
7.77E-05
0.001369674
0.001280564
0.000442397
0.000409184
0.000158182
0.000144544
0.000841222
0.000291095
0.000145881
0.000750212
0.000583844
0.000185539
0.000189139
0.000351138
0.002887733
9.88E-05
0.001263453
3.52E-05
0.001442043
2.89E-06
0.000757542
0.000617215
0.000587312
0.001034283
0.000801726
0.000394051
6.00E-06
0.001050424
8.31E-05
0.000209569
0.000832776
0.000317692
3.17E-05
7.79E-06
0.001913749
0.000320881
4.07E-05
0.002700556
8.00E-05
2.50E-05
0.000143563
0.002026811
0.018312964
0.001711498
0.002471634
0.000312841
4.39E-05
0.000270921
0.000151458
6.93E-05
5.76E-06
2.07E-05
0.000995337
4.15E-06
0.000950528
4.98E-05
2.54E-05
0.000738525
0.001286896
0.001350684
0.001668334
0.000262302
0.000308722
0.001259688
0.003897378
0.000907019
0.000419854
0.000617961
3.13E-05
1.15E-06
0.000479396
0.000295701
0.000629613
0.000176848
0.00033676
0.002372511
2.77E-06
3.38E-05
0
0.000114591
0.00031089
0.002097179
0.000701645
9.65E-05
3.26E-05
0.000184797
2.98E-08
1.92E-05
0.001134604
7.27E-05
3.17E-07
0.000770762
0.000503018
1.90E-05
6.03E-06
0.000280255
0.000197519
0.000323875
0.001758589
0.00068135
0.000333728
0.000659279
2.38E-05
1.82E-05
0.00083922
0.000111266
0.000276187
0.00014036
0.006427431
0.000156617
0.001041437
0.000599636
3.27E-05
4.87E-05
7.29E-06
9.14E-06
0.001029588
2.29E-06
0.001321762
0.000620957
0.000201138
1.73E-06
8.58E-05
8.84E-05
1.80E-06
1.13E-05
0.00084632
0.000511441
3.79E-06
1.70E-05
2.85E-05
2.11E-05
0.000215822
0.000434315
0.000318687
2.56E-05
4.25E-05
0.000161364
0.000140085
1.13E-05
6.43E-06
0.001299598
9.76E-06
1.22E-05
0.000185726
0.001549267
0.000158475
0.000443246
0.000289173
0.00010643
0.00049594
6.56E-05
0.000829976
4.24E-06
0.000170261
0.000666486
2.79E-05
0.000206402
0.000138374
0.000250619
0.000238993
0.000199533
2.46E-08
3.46E-05
8.47E-05
0.000121918
0.000452045
6.47E-05
0.021381859
0.000484756
6.49E-05
8.33E-07
1.21E-05
0.000580024
2.71E-05
3.15E-05
1.70E-05
0.000272296
1.90E-05
0.000444506
4.26E-05
2.17E-06
0.00066403
0.000435566
0.000389062
0.000164552
8.13E-05
8.90E-05
0.000120519
7.57E-05
0.000678105
0.000303995
0.000496146
0.000902452
4.04E-05
0.000422906
2.83E-05
2.14E-06
8.29E-05
1.37E-07
6.15E-05
1.70E-06
0.000324818
0.000382072
3.76E-05
2.04E-05
0.000122022
5.16E-05
8.93E-05
0.000618126
1.96E-09
0.000372016
0.000980638
1.80E-05
8.38E-07
0.00011706
7.91E-05
0
0.00062352
2.66E-05
0.000192649
0.0001952
0.000120073
1.81E-05
6.18E-06
0.00153868
8.70E-05
0.000100751
0.000174983
0.00074111
0.000183473
0.005736016
2.70E-05
0.000141322
2.70E-05
3.06E-05
0.000319087
1.75E-05
0.000119322
8.57E-05
1.87E-06
3.15E-05
1.78E-06
1.04E-05
0.000323177
0.000297417
2.48E-06
1.16E-05
1.41E-05
0.000228865
6.16E-05
0.000347734
5.53E-05
7.99E-05
1.68E-05
1.33E-05
6.87E-05
2.47E-06
4.51E-05
0.00043016
0.000924328
6.31E-05
3.07E-05
2.45E-08
0.000319449
1.56E-05
0.000158627
8.43E-06
0.000126788
1.11E-05
0.000166125
0.000108666
8.51E-05
0.000123495
0.000747444
7.90E-05
8.33E-05
3.15E-05
0.000441287
0.000310563
5.71E-05
4.52E-06
0.001009085
0.000579662
9.91E-06
5.84E-05
5.60E-05
9.67E-07
0.000208742
0.000115013
0.000400275
0.000689505
5.13E-06
0.000632651
0.000609078
0.004417681
0.000515851
1.04E-05
1.45E-06
6.70E-05
0.000187411
0.000548696
0.000420465
2.10E-05
5.00E-07
3.29E-07
0.0002637
0.000112283
0.000431432
0.000387916
0.000308453
0.000324584
5.99E-05
0.000239345
8.16E-07
0.000228839
0.000278706
9.61E-06
4.69E-05
7.38E-05
3.37E-05
5.41E-06
1.56E-07
0.000482032
0.00013727
1.81E-05
4.11E-06
6.78E-05
0.000344744
0.000646988
8.65E-05
0.000182615
0.000312211
4.35E-05
0.001551881
1.66E-06
0.000160918
0.000526347
0.000642456
2.06E-05
6.70E-06
0.001245728
6.05E-05
1.27E-08
1.44E-05
9.51E-05
0.000313972
9.29E-06
0.000120631
3.30E-05
3.65E-05
5.07E-05
5.97E-05
0.00039038
0.001427605
0.000806172
0.003424463
0.002168338
0.000727785
3.55E-06
0.000365769
0.000688112
0.000311621
5.80E-05
4.34E-05
0.000333459
3.34E-05
0.001663656
7.29E-07
0.000241298
0.000303673
0.00015523
3.12E-06
3.83E-06
0.000446563
3.86E-06
0.000221627
1.50E-05
3.08E-05
0.000748364
8.17E-05
4.29E-05
1.08E-07
1.28E-06
0.000117014
0.000112327
1.25E-05
0.001198291
0.000220852
0.000228738
3.31E-05
1.15E-05
0.000232111
0.000291055
4.54E-05
0.000276148
0.000360544
2.00E-05
0.00034158
4.24E-05
0.000269819
3.72E-08
0.000195797
0.000182005
7.09E-05
0.000190571
0.000361182
0.000123859
0.000363048
0.000292739
0.000335096
0.000917922
1.20E-05
0.000152063
0.000403869
1.99E-07
0.000474649
0.005649247
0.00040392
0.000261325
0.000494183
0.000297685
0.000464146
8.23E-05
6.13E-05
1.35E-05
3.25E-05
0.000175557
1.11E-05
0.00020559
4.38E-05
8.46E-05
0.000468635
7.13E-05
2.10E-05
0.000492345
1.95E-05
5.25E-08
0.000440271
4.36E-05
2.39E-05
7.82E-05
7.49E-05
1.96E-05
3.04E-05
6.09E-06
0.001101952
0.000226674
0.000512253
0.000129564
0.000226551
4.29E-05
0.000217425
0.000174736
0.000165358
0.000292898
8.57E-08
0.000102231
2.97E-05
0.000397616
5.20E-09
2.54E-07
0.000248259
3.32E-05
1.12E-06
4.21E-05
0.000267034
1.04E-05
7.51E-06
0.000613318
0.000675435
1.02E-05
9.57E-07
3.50E-05
0.000223446
1.35E-05
3.31E-05
6.41E-05
4.99E-05
0.000219311
0.000783061
0.000365705
0.000147092
1.55E-05
0.000205579
1.99E-05
0.000113235
6.36E-07
0.00016513
1.56E-05
2.63E-05
3.68E-06
8.48E-05
8.08E-05
0.000284163
3.34E-05
6.92E-06
2.82E-05
7.77E-05
0.000322928
9.33E-07
0.000173967
0.000346715
5.34E-06
7.20E-05
0.000112791
0.000753548
0.000276231
2.45E-06
3.56E-05
0.000167159
4.69E-06
5.76E-06
6.79E-06
9.92E-06
3.92E-05
0.000730333
0.000650889
9.24E-09
0.000185562
0.000238714
7.12E-05
2.23E-05
0.000300825
4.43E-05
0.00011495
0.000688169
1.88E-06
0.00032772
0.000182413
0.000820676
0.000491839
0.000276444
0.000529184
0.000344851
3.74E-07
0.000194224
0.000175834
8.13E-07
0.003225318
5.77E-05
0.000342769
0.000307448
0.000273614
0.008047778
0.000210159
0.000158666
2.00E-05
6.62E-05
0.000193596
5.25E-07
1.75E-07
5.75E-05
0.001301365
0.000378563
0.000133433
0.0001899
0.000359449
0.000954973
2.31E-05
6.61E-05
1.15E-05
4.25E-05
0.000301449
8.37E-05
0.000133704
0.000155754
0.000193349
0.000313677
1.13E-05
0.00038679
1.14E-05
1.46E-05
4.07E-05
2.85E-05
5.60E-05
0.000210839
6.06E-06
6.10E-05
0.000149693
1.16E-05
0.000449878
3.79E-06
0.000309156
3.20E-06
8.60E-05
0.000166855
0.000247333
0.000141665
0.000187262
4.24E-06
1.48E-05
5.06E-05
0.000123565
9.46E-05
5.14E-06
7.04E-05
0.000286996
0.000276861
1.77E-05
3.13E-08
9.18E-05
0.000340291
3.83E-05
0.000134819
0.000971294
1.16E-05
0.00043594
0.000690554
0.00228466
0.013572923
0.001266386
2.69E-05
1.87E-05
0.000539337
0.000328962
3.38E-07
6.48E-06
0.001244393
0.000506605
1.76E-07
0.000108327
0.000319995
4.82E-05
7.62E-05
0.000206585
0.000339314
1.70E-05
8.41E-07
2.98E-05
4.13E-05
0.000129649
0.000529409
3.18E-07
7.22E-08
1.70E-05
2.14E-05
2.42E-05
5.50E-06
3.58E-05
1.21E-05
9.79E-05
0.000217098
0.00013178
0.000523979
0.000606134
6.55E-05
0.00104817
0.000209949
2.83E-07
3.24E-05
0.000379842
9.05E-06
0.000609652
0.001046541
0.000267516
0.000833929
0.000207022
0.002053344
0.000292793
0.00017742
2.89E-07
0.00056454
1.44E-05
0.000330414
2.20E-05
0.00021019
0.00144369
0.010828406
0.000583287
0.000162089
0.000153931
0.000150979
1.52E-07
4.36E-05
0.001740787
0.000250541
0.000228352
0.000182367
0.001274151
3.43E-05
0.000543511
6.72E-05
7.17E-05
1.00E-05
0.000219559
0.000158843
1.08E-07
0.00056432
2.08E-05
4.52E-06
0.000134648
1.54E-05
0.00014259
2.87E-05
1.78E-06
0.002839251
0.000348819
4.36E-05
0.000221447
6.99E-05
0.000789954
1.22E-06
1.71E-05
3.75E-05
0.000704746
0.000498089
7.40E-05
8.71E-05
8.94E-05
0.000101357
2.87E-05
1.19E-05
4.18E-07
0.000536432
1.91E-06
0.000191653
0.000137901
0.000878282
0.000355127
3.88E-05
0.002942733
0.000676111
6.15E-06
1.69E-05
9.49E-05
0.000305064
9.38E-06
8.98E-06
5.64E-05
1.72E-06
0.010294333
0.000124835
1.64E-06
6.10E-05
0.000897779
0.000365882
0.000450905
1.81E-05
2.51E-05
6.09E-05
0.000290081
2.32E-05
9.64E-06
0.000464926
0.000441714
1.59E-06
7.26E-06
3.21E-06
3.75E-06
7.37E-05
1.58E-05
5.33E-05
0.000534195
1.55E-05
8.56E-05
8.33E-06
9.61E-05
9.84E-05
0.000411854
1.54E-06
0.000137641
0.00140397
2.28E-05
5.99E-06
4.10E-06
0.000496765
0.000141079
0.000133129
9.50E-06
0.000370929
0.000432605
7.21E-06
0.000197479
0.000373244
1.57E-05
1.86E-05
3.70E-06
0.000242278
8.93E-06
0.000182443
2.80E-06
0.000266793
0.000319853
0.000527924
0.000161299
0.00025573
3.66E-05
5.80E-05
0.000104376
6.62E-06
7.10E-05
0.000861338
5.64E-05
4.50E-07
0.007584117
0.000101732
0.000368482
2.49E-05
0.000278551
0.000446947
7.24E-07
9.15E-05
0.000440618
1.64E-07
0.00011656
0.000301254
0.000500102
2.57E-06
0.000250545
0.001239365
0.000214846
3.37E-05
2.44E-05
0.000148236
3.97E-05
8.12E-05
3.20E-06
1.93E-05
0.000227554
0.001447061
9.03E-07
0.000931751
1.84E-06
0.000186609
0.000374265
0.000358345
0.000464075
2.46E-05
1.69E-08
1.66E-05
0.001342133
0.000165468
1.49E-05
5.27E-05
0.000479576
6.66E-07
0.000114503
0.000392067
9.02E-05
3.13E-05
2.60E-08
3.50E-05
0.000429761
0.000533518
0.000111175
4.64E-05
0.00013967
0.000352132
0.000129103
2.50E-05
0.000474613
0.000172169
2.01E-05
0.000708918
0.001851625
4.42E-05
7.70E-05
8.91E-05
8.65E-05
0.00065363
0.016511006
0.000764593
6.39E-06
1.09E-05
0.000612537
1.09E-06
9.98E-05
4.31E-05
3.27E-05
2.91E-05
0.000150784
0.000285726
3.03E-05
0.000223991
0.000149342
8.50E-05
1.67E-05
0.000315065
2.19E-06
0.000147172
0.000206323
7.43E-06
2.43E-05
0.000175918
0.000406386
1.63E-05
0.000585482
7.28E-05
0.000451713
9.66E-05
5.55E-05
1.47E-05
7.43E-05
2.58E-05
0.000195105
8.05E-05
7.41E-06
7.06E-05
9.56E-05
7.57E-05
0.000117001
4.45E-05
2.46E-05
2.87E-05
0.000163472
4.90E-05
0.000323019
3.75E-05
5.40E-06
5.75E-07
5.14E-05
1.87E-05
4.53E-05
0.000757503
0.001330158
1.83E-05
1.25E-05
2.37E-07
0.017471002
0.00021911
0.00045443
1.95E-08
0.000318093
6.66E-06
1.62E-07
1.92E-05
2.47E-05
0.000338317
0.000250495
3.76E-06
1.80E-05
9.36E-05
0.000158609
0.000214159
3.19E-06
6.95E-05
2.59E-05
0.000329988
8.67E-05
2.56E-05
0.000192868
0.000127817
3.86E-05
1.54E-05
2.64E-08
0.000166659
0.00017948
7.98E-05
6.58E-05
2.18E-05
0.000152678
2.60E-05
5.00E-05
0.000214455
7.12E-05
1.65E-06
0.000713332
0.000104557
9.89E-06
0.000483531
0.000134897
2.82E-06
2.07E-05
0.000360532
9.59E-05
5.74E-05
5.35E-07
1.46E-05
2.43E-06
0.0002626
0.000117841
0.000431708
0.000719797
0.000471458
8.93E-05
0.000931149
0.000246884
0.000109892
4.20E-08
3.06E-07
0.000157528
0.008735624
1.41E-05
0.000103541
3.17E-05
0.000212071
1.29E-06
4.37E-06
3.44E-05
9.14E-05
0.000200479
0.000169079
6.95E-06
4.33E-05
8.66E-06
5.05E-05
1.23E-05
4.81E-05
1.40E-07
1.55E-05
0.001068696
0.001780324
0.004219883
4.16E-05
0.005064826
0.001193175
4.83E-07
9.87E-05
0.001049589
0.000774202
0.000131899
0.000129908
0.00133084
1.58E-06
0.000106031
0.000187488
0.000235337
3.60E-06
9.15E-05
0.000463713
6.64E-06
0.000223091
0.000338005
1.88E-05
1.88E-05
0.000322522
0.001542397
0.000255304
0.000985503
0.0002925
0.000503803
0.000428608
0.000131545
6.83E-05
0.000266792
0.000153194
0.000363474
5.51E-06
5.54E-05
0.001011915
0.00021563
1.75E-05
0.000468312
8.38E-05
0.000211413
0.003650227
0.000251727
1.55E-05
9.84E-05
0.000230964
1.08E-06
1.53E-05
2.35E-05
0.000610285
0.000514186
3.20E-05
3.48E-05
4.06E-05
0.000414606
0.000130596
0.001264198
7.16E-05
4.88E-05
0.000959633
1.17E-05
0.000116626
0.000244759
0.000134878
3.87E-05
9.52E-06
0.000159905
0.000450427
2.03E-05
0.000211496
9.11E-05
1.75E-05
0.00012398
0.000349221
1.39E-05
0.001159149
0.000748873
1.23E-06
0.000659241
5.78E-05
9.51E-05
3.10E-07
4.20E-06
6.87E-07
1.88E-06
0.000344132
0.000751842
5.02E-05
0.000372973
0.003513694
2.54E-05
3.24E-06
0.00158732
2.15E-06
0.000304729
5.90E-08
0.003620013
0.00036292
0.001539959
5.64E-05
2.24E-05
3.21E-05
0.001330294
6.33E-08
6.21E-05
0.000913461
0.007291227
0.006264908
0.000440382
0.001624929
0.00150818
9.46E-05
0.004324388
0.000803084
0.000154529
0.000299123
0.000720093
4.16E-05
0.000743825
0.000607185
0.000295317
0.000349002
0.002021732
0.000139099
3.95E-06
4.01E-06
2.07E-08
2.39E-05
0.002197908
4.07E-06
2.21E-05
1.66E-05
0.000470422
2.05E-05
1.99E-06
9.32E-07
0.000358256
4.33E-05
4.03E-05
2.28E-05
0.000684524
0.000175385
1.18E-05
0.000136072
0.00026223
0.000534276
2.81E-05
0.000568329
6.56E-05
7.18E-05
6.65E-05
7.94E-05
0.000142947
0.000719938
0.000318517
2.86E-05
4.99E-06
0.000145826
0.000365976
9.21E-05
6.80E-05
0.00022504
0.000139123
6.52E-05
9.91E-06
0.000281577
8.36E-05
0.000224859
0.00028407
5.72E-05
0.008346837
0.001304661
0.000341977
3.92E-07
0.000315417
0.000497103
7.34E-05
0.001137806
0.000205849
4.31E-05
0.000125884
1.09E-06
0.000479338
9.80E-06
2.35E-06
3.73E-05
7.47E-05
0.000113119
3.45E-05
8.50E-05
1.40E-05
0.000216201
2.16E-05
0.000147805
1.38E-05
2.69E-06
1.70E-05
1.60E-05
1.93E-06
0.000181603
1.39E-05
3.20E-05
4.94E-05
2.06E-05
0.000243965
0.000115121
6.41E-06
5.36E-05
0.000256843
0.001059009
0.000119528
0.000562299
0.000115516
7.83E-10
0.000194877
1.11E-05
0.000168398
1.99E-06
0.000155416
0.000112991
5.50E-05
5.60E-05
3.72E-06
6.09E-05
7.33E-07
2.76E-05
6.03E-05
3.00E-06
3.33E-07
5.00E-05
2.97E-05
2.15E-06
0.000458266
6.73E-05
0.000136883
8.78E-05
6.15E-05
6.55E-05
4.66E-05
5.73E-07
5.20E-06
1.06E-07
1.21E-05
2.92E-06
2.79E-05
3.37E-05
5.96E-07
4.94E-08
8.83E-05
8.19E-06
1.52E-05
4.68E-05
6.75E-06
0.000163825
8.84E-06
2.32E-05
4.23E-06
3.60E-06
5.56E-06
0.000442985
3.11E-05
2.87E-07
0.00095994
0.000219664
0.000187065
1.11E-08
0.000126252
0.000130117
1.94E-05
4.33E-05
0.000147085
0.000352155
1.70E-06
6.74E-05
0.000440496
0.000235106
1.59E-07
9.83E-05
4.64E-07
1.05E-05
0.000151524
1.03E-05
7.04E-06
7.36E-06
0.000163988
1.38E-05
3.34E-05
5.85E-05
0.000149769
3.32E-05
2.39E-09
8.20E-05
0.000113265
0.000531471
1.21E-05
0.000230716
2.66E-05
0.002781244
0.000297227
3.14E-05
0.00065527
3.68E-06
0.00024781
0.001506261
1.29E-05
0.000414191
0.001518494
2.07E-05
0.000748173
0.001092982
1.90E-05
0.000173928
2.46E-05
0.000663836
4.64E-05
4.43E-05
1.03E-07
0.0003091
3.09E-05
0.000249508
8.58E-05
1.99E-05
0.000643453
4.95E-05
5.51E-05
1.62E-05
3.00E-06
0.000124822
0.000343538
5.12E-05
0.00010452
1.81E-05
0.000116688
4.61E-05
6.47E-07
3.07E-05
5.67E-05
0.000199165
8.95E-07
8.25E-05
0.000406913
2.56E-05
2.16E-05
0.000916254
0.000388717
1.36E-06
1.64E-06
1.53E-05
0.00032877
1.84E-05
8.32E-05
7.67E-06
3.73E-06
7.71E-07
0.00013795
3.09E-05
0.000288148
9.85E-06
1.63E-05
4.19E-05
6.96E-05
0.000114785
8.26E-05
0.001300413
1.00E-05
3.60E-05
7.81E-05
4.04E-06
5.47E-05
0.000118845
2.80E-08
5.65E-05
2.92E-06
1.21E-06
0.000178618
9.40E-07
1.60E-05
6.71E-05
1.61E-05
1.81E-05
8.97E-05
2.40E-05
1.30E-06
1.49E-05
4.86E-07
2.79E-05
8.62E-06
4.01E-07
6.23E-06
5.82E-06
2.66E-07
2.78E-07
1.69E-06
2.97E-05
0.000262397
3.30E-05
6.43E-07
4.37E-06
2.04E-06
0.000116256
0.000448426
5.33E-06
0.000133912
3.13E-05
0.000290306
7.28E-06
0.000148139
1.44E-05
0.000182166
2.68E-05
4.65E-05
0.000168542
0.000375924
3.93E-06
2.58E-05
1.01E-05
1.54E-05
9.67E-05
5.36E-08
3.38E-06
9.89E-05
5.14E-05
0.000615742
1.85E-06
3.92E-05
1.39E-05
1.30E-05
0.000250079
1.58E-05
1.66E-05
1.97E-06
0.000206927
1.24E-05
7.09E-05
0.000497529
0.000208172
1.98E-06
0.000125886
8.03E-07
8.15E-05
0.000174336
5.82E-06
8.53E-07
4.36E-06
1.79E-06
0.000115899
2.09E-05
6.86E-05
4.93E-05
3.92E-08
0.001033386
0.000190213
0.000266458
1.95E-05
0.000160691
0.000581849
5.66E-05
6.74E-06
9.34E-05
8.62E-07
5.92E-06
9.55E-05
0.000304698
0.000189799
0.000214546
6.66E-05
0.000222753
0.000339708
4.18E-05
0.000196372
0.000321576
5.53E-06
0.00015317
3.43E-05
1.39E-06
6.69E-05
0.000200673
5.57E-06
3.17E-06
8.70E-06
0.000165494
7.84E-07
0.000152711
4.20E-05
0.000631595
0.001032791
7.19E-05
9.07E-08
8.19E-05
4.47E-07
2.24E-05
6.01E-06
6.31E-05
0.000669864
0.000132295
0.000246255
3.25E-07
2.16E-05
0.000330034
4.79E-06
2.94E-05
0.000200958
8.55E-05
3.38E-05
5.74E-05
6.46E-07
7.16E-05
0.0001983
0.000178386
5.76E-06
0.00017842
6.85E-06
0.000143667
0.000194637
0.00015397
2.22E-05
0.000294925
5.51E-05
3.00E-05
0.000165145
1.98E-05
1.19E-05
7.80E-05
9.90E-05
0.000261133
1.61E-06
0.000168687
3.36E-05
2.66E-05
5.06E-06
4.76E-06
7.55E-05
0.000250437
7.85E-05
2.03E-06
1.47E-05
6.19E-05
3.53E-05
4.02E-06
1.15E-05
7.66E-06
0.000146243
0.000109746
1.41E-05
0.000290471
9.77E-05
9.42E-06
2.44E-07
0.015408404
8.01E-05
2.53E-05
2.10E-06
7.41E-05
0.000248335
6.59E-05
5.01E-06
7.41E-05
1.10E-05
1.12E-05
1.15E-05
4.58E-05
8.04E-05
8.77E-05
4.27E-05
1.00E-05
0.000135348
0.00021093
0.000649338
6.81E-05
3.48E-06
0.000754034
0.000175355
0.0001516
0.000611906
4.49E-05
8.83E-05
4.14E-05
3.62E-06
3.53E-05
1.08E-05
6.65E-07
7.51E-05
1.72E-05
9.32E-05
7.24E-06


